11, -0.2, -1.0, -0.3
12, 0.05, 0.05, 0.05
13, 0.4, 0.4, 0.4
14, 0.5, 0.5, 0.5
200, 10.0, 1.0, 10.0
220, 0.05, 0.05, 0.05
230, 0.8, 0.8, 0.8
240, 1.0, 1.0, 1.0
250, 1.0
260, 0.09
270, 0.032
201, 50.0, -3.0, 50.0
221, 0.05, 0.05, 0.05
231, 0.8, 0.8, 0.8
241, 1.0, 1.0, 1.0
251, 1.0
261, 0.09
271, 0.032
202, 30.0, 10.0, 70.0
222, 0.05, 0.05, 0.05
232, 0.8, 0.8, 0.8
242, 1.0, 1.0, 1.0
252, 1.0
262, 0.09
272, 0.032
203, 0.0, 0.0, -3.0
223, 0.05, 0.05, 0.05
233, 0.8, 0.8, 0.8
243, 1.0, 1.0, 1.0
253, 1.0
263, 0.09
273, 0.032
32, 0.0, 0.0, 0.0
33, 1.0, 1.0, 1.0
34, 1.0, 1.0, 1.0
35, 1.0
36, 0.09
37, 0.032
38, 12.5
39, 15.0
45, 32.0